{
  "accessors": [
    {
      "bufferView": 1,
      "componentType": 5126,
      "count": 121,
      "max": [
        3.1082949638366699,
        35.680255889892578,
        8.6786327362060547
      ],
      "min": [
        -3.3871369361877441,
        -33.905735015869141,
        -2.0026569366455078
      ],
      "type": "VEC3"
    },
    {
      "bufferView": 1,
      "byteOffset": 1452,
      "componentType": 5126,
      "count": 121,
      "max": [
        0.80898845195770264,
        0.99225461483001709,
        0.95881056785583496
      ],
      "min": [
        -0.99998193979263306,
        -0.99932354688644409,
        -0.97472608089447021
      ],
      "type": "VEC3"
    },
    {
      "bufferView": 2,
      "componentType": 5126,
      "count": 121,
      "max": [
        0.99382138252258301,
        0.35665991902351379,
        0.99996668100357056,
        1
      ],
      "min": [
        -0.99999988079071045,
        -0.34326985478401184,
        -0.80860763788223267,
        1
      ],
      "type": "VEC4"
    },
    {
      "bufferView": 0,
      "componentType": 5125,
      "count": 180,
      "max": [
        120
      ],
      "min": [
        0
      ],
      "type": "SCALAR"
    },
    {
      "bufferView": 1,
      "byteOffset": 2904,
      "componentType": 5126,
      "count": 121,
      "max": [
        3.1082949638366699,
        35.680255889892578,
        6.156527042388916
      ],
      "min": [
        -3.3871369361877441,
        -33.905735015869141,
        -4.5247626304626465
      ],
      "type": "VEC3"
    },
    {
      "bufferView": 1,
      "byteOffset": 4356,
      "componentType": 5126,
      "count": 121,
      "max": [
        0.80898845195770264,
        0.99225461483001709,
        0.95881056785583496
      ],
      "min": [
        -0.99998193979263306,
        -0.99932354688644409,
        -0.97472608089447021
      ],
      "type": "VEC3"
    },
    {
      "bufferView": 2,
      "byteOffset": 1936,
      "componentType": 5126,
      "count": 121,
      "max": [
        0.99382138252258301,
        0.35665991902351379,
        0.99996674060821533,
        1
      ],
      "min": [
        -0.99999988079071045,
        -0.34326985478401184,
        -0.80860751867294312,
        1
      ],
      "type": "VEC4"
    },
    {
      "bufferView": 0,
      "byteOffset": 720,
      "componentType": 5125,
      "count": 180,
      "max": [
        120
      ],
      "min": [
        0
      ],
      "type": "SCALAR"
    },
    {
      "bufferView": 1,
      "byteOffset": 5808,
      "componentType": 5126,
      "count": 529,
      "max": [
        1.6627130508422852,
        6.2597036361694336,
        87.995407104492188
      ],
      "min": [
        -3.7130928039550781,
        -6.1779189109802246,
        -91.977760314941406
      ],
      "type": "VEC3"
    },
    {
      "bufferView": 1,
      "byteOffset": 12156,
      "componentType": 5126,
      "count": 529,
      "max": [
        0.99993288516998291,
        1,
        0.98695164918899536
      ],
      "min": [
        -0.99993306398391724,
        -1,
        -0.9683690071105957
      ],
      "type": "VEC3"
    },
    {
      "bufferView": 2,
      "byteOffset": 3872,
      "componentType": 5126,
      "count": 529,
      "max": [
        1,
        0.33302593231201172,
        1,
        1
      ],
      "min": [
        -1,
        -0.36298581957817078,
        -1,
        1
      ],
      "type": "VEC4"
    },
    {
      "bufferView": 0,
      "byteOffset": 1440,
      "componentType": 5125,
      "count": 816,
      "max": [
        528
      ],
      "min": [
        0
      ],
      "type": "SCALAR"
    },
    {
      "bufferView": 1,
      "byteOffset": 18504,
      "componentType": 5126,
      "count": 529,
      "max": [
        1.6627130508422852,
        6.2597036361694336,
        87.995407104492188
      ],
      "min": [
        -3.7130928039550781,
        -6.1779189109802246,
        -91.977760314941406
      ],
      "type": "VEC3"
    },
    {
      "bufferView": 1,
      "byteOffset": 24852,
      "componentType": 5126,
      "count": 529,
      "max": [
        0.99993288516998291,
        1,
        0.98695164918899536
      ],
      "min": [
        -0.99993306398391724,
        -1,
        -0.9683690071105957
      ],
      "type": "VEC3"
    },
    {
      "bufferView": 2,
      "byteOffset": 12336,
      "componentType": 5126,
      "count": 529,
      "max": [
        1,
        0.33302593231201172,
        1,
        1
      ],
      "min": [
        -1,
        -0.36298581957817078,
        -1,
        1
      ],
      "type": "VEC4"
    },
    {
      "bufferView": 0,
      "byteOffset": 4704,
      "componentType": 5125,
      "count": 816,
      "max": [
        528
      ],
      "min": [
        0
      ],
      "type": "SCALAR"
    },
    {
      "bufferView": 1,
      "byteOffset": 31200,
      "componentType": 5126,
      "count": 529,
      "max": [
        1.6627130508422852,
        6.2597036361694336,
        87.995407104492188
      ],
      "min": [
        -3.7130928039550781,
        -6.1779189109802246,
        -91.977760314941406
      ],
      "type": "VEC3"
    },
    {
      "bufferView": 1,
      "byteOffset": 37548,
      "componentType": 5126,
      "count": 529,
      "max": [
        0.99993288516998291,
        1,
        0.98695164918899536
      ],
      "min": [
        -0.99993306398391724,
        -1,
        -0.9683690071105957
      ],
      "type": "VEC3"
    },
    {
      "bufferView": 2,
      "byteOffset": 20800,
      "componentType": 5126,
      "count": 529,
      "max": [
        1,
        0.33302593231201172,
        1,
        1
      ],
      "min": [
        -1,
        -0.36298581957817078,
        -1,
        1
      ],
      "type": "VEC4"
    },
    {
      "bufferView": 0,
      "byteOffset": 7968,
      "componentType": 5125,
      "count": 816,
      "max": [
        528
      ],
      "min": [
        0
      ],
      "type": "SCALAR"
    }
  ],
  "asset": {
    "extras": {
      "author": "FLAREMEDIA (https://sketchfab.com/flaremedia)",
      "license": "CC-BY-4.0 (http://creativecommons.org/licenses/by/4.0/)",
      "source": "https://sketchfab.com/models/be3dc287fa7e4fd89c4834689b401267",
      "title": "Fence, lowpoly"
    },
    "generator": "Sketchfab-3.18.6",
    "version": "2.0"
  },
  "bufferViews": [
    {
      "buffer": 0,
      "byteLength": 11232,
      "byteOffset": 0,
      "name": "floatBufferViews",
      "target": 34963
    },
    {
      "buffer": 0,
      "byteLength": 43896,
      "byteOffset": 11232,
      "byteStride": 12,
      "name": "floatBufferViews",
      "target": 34962
    },
    {
      "buffer": 0,
      "byteLength": 29264,
      "byteOffset": 55128,
      "byteStride": 16,
      "name": "floatBufferViews",
      "target": 34962
    }
  ],
  "buffers": [
    {
      "byteLength": 84392,
      "uri": "scene.bin"
    }
  ],
  "materials": [
    {
      "doubleSided": true,
      "emissiveFactor": [
        0,
        0,
        0
      ],
      "name": "material",
      "pbrMetallicRoughness": {
        "baseColorFactor": [
          0.64000000000000001,
          0.41920000000000002,
          0.19839999999999999,
          1
        ],
        "metallicFactor": 0,
        "roughnessFactor": 0.59999999999999998
      }
    }
  ],
  "meshes": [
    {
      "name": "Cylinder_Mat_0",
      "primitives": [
        {
          "attributes": {
            "NORMAL": 1,
            "POSITION": 0,
            "TANGENT": 2
          },
          "indices": 3,
          "material": 0,
          "mode": 4
        }
      ]
    },
    {
      "name": "Cylinder_2_Mat_0",
      "primitives": [
        {
          "attributes": {
            "NORMAL": 5,
            "POSITION": 4,
            "TANGENT": 6
          },
          "indices": 7,
          "material": 0,
          "mode": 4
        }
      ]
    },
    {
      "name": "Latte_2_Mat_0",
      "primitives": [
        {
          "attributes": {
            "NORMAL": 9,
            "POSITION": 8,
            "TANGENT": 10
          },
          "indices": 11,
          "material": 0,
          "mode": 4
        }
      ]
    },
    {
      "name": "Latte_Mat_0",
      "primitives": [
        {
          "attributes": {
            "NORMAL": 13,
            "POSITION": 12,
            "TANGENT": 14
          },
          "indices": 15,
          "material": 0,
          "mode": 4
        }
      ]
    },
    {
      "name": "Latte_1_Mat_0",
      "primitives": [
        {
          "attributes": {
            "NORMAL": 17,
            "POSITION": 16,
            "TANGENT": 18
          },
          "indices": 19,
          "material": 0,
          "mode": 4
        }
      ]
    }
  ],
  "nodes": [
    {
      "children": [
        1
      ],
      "name": "RootNode (gltf orientation matrix)",
      "rotation": [
        -0.70710678118654746,
        -0,
        -0,
        0.70710678118654757
      ]
    },
    {
      "children": [
        2
      ],
      "name": "RootNode (model correction matrix)"
    },
    {
      "children": [
        3
      ],
      "matrix": [
        1,
        0,
        0,
        0,
        0,
        0,
        1,
        0,
        0,
        -1,
        0,
        0,
        0,
        0,
        0,
        1
      ],
      "name": "9b28b1fdd6ce4962ab41a5284da6cefc.fbx"
    },
    {
      "children": [
        4
      ],
      "name": "RootNode"
    },
    {
      "children": [
        5,
        7,
        9,
        11,
        13
      ],
      "name": "Zaun"
    },
    {
      "children": [
        6
      ],
      "matrix": [
        1,
        0,
        0,
        0,
        0,
        1,
        0,
        0,
        0,
        0,
        1,
        0,
        -2.3569035530090332,
        -0.58648133277893066,
        -70.272361755371094,
        1
      ],
      "name": "Cylinder"
    },
    {
      "mesh": 0,
      "name": "Cylinder_Mat_0"
    },
    {
      "children": [
        8
      ],
      "matrix": [
        -0.77230744121707495,
        -0.016249806459311868,
        -0.63504106956225181,
        0,
        -0.038043384468581631,
        0.99906162342393501,
        0.020702016802889772,
        0,
        0.63410875813137102,
        0.040147433187768734,
        -0.77220092363938786,
        0,
        -2.6005585193634033,
        -0.6754412055015564,
        65.767196655273438,
        1
      ],
      "name": "Cylinder_2"
    },
    {
      "mesh": 1,
      "name": "Cylinder_2_Mat_0"
    },
    {
      "children": [
        10
      ],
      "matrix": [
        0.99091024181748444,
        0.13449401676045272,
        -0.0028726497965552008,
        0,
        0.13449457169405846,
        -0.99091433039634258,
        1.2248774043654986e-16,
        0,
        -0.0028465498496166699,
        -0.00038635580401483725,
        -0.99999587393306122,
        0,
        -0.9396699070930481,
        -16.473007202148438,
        -0.67623227834701538,
        1
      ],
      "name": "Latte_2"
    },
    {
      "mesh": 2,
      "name": "Latte_2_Mat_0"
    },
    {
      "children": [
        12
      ],
      "matrix": [
        0.98552008754646903,
        -0.16952970050039487,
        -0.0031365093091599567,
        0,
        0.16953068759226128,
        0.98552490760083078,
        4.9627300583839724e-05,
        0,
        0.0030826947456943908,
        -0.00058064328143749662,
        0.99999507991113867,
        0,
        -0.91603285074234009,
        17.348379135131836,
        -0.69167739152908325,
        1
      ],
      "name": "Latte"
    },
    {
      "mesh": 3,
      "name": "Latte_Mat_0"
    },
    {
      "children": [
        14
      ],
      "matrix": [
        -0.98974041642655641,
        -0.14287724833501755,
        -1.2120824329635498e-16,
        0,
        -0.14287724833501755,
        0.98974041642655664,
        -1.224646799147353e-16,
        0,
        1.3746211367891186e-16,
        -1.0389034301865054e-16,
        -0.99999999999999978,
        0,
        -2.5656013488769531,
        0.29759016633033752,
        2.3965306282043457,
        1
      ],
      "name": "Latte_1"
    },
    {
      "mesh": 4,
      "name": "Latte_1_Mat_0"
    }
  ],
  "scene": 0,
  "scenes": [
    {
      "name": "OSG_Scene",
      "nodes": [
        0
      ]
    }
  ]
}

